0
1
2
3
4
5
6
7
8
9
10
11
12
13
14
15
16
17
18
19
20
21
22
23
24
25
26
27
28
29
30
31
32
33
34
35
36
37
38
39
40
41
42
43
44
45
46
47
48
49
50
51
52
53
54
55
56
57
58
0 1
1 3
1 14
2 3
3 0
3 14
3 25
3 42
3 43
3 44
3 24
4 5
5 20
5 21
6 7
6 8
7 8
7 18
8 23
8 18
8 45
8 6
9 10
10 40
10 57
10 46
10 49
10 38
10 41
11 2
11 3
12 13
13 51
13 21
14 15
15 29
15 3
16 17
18 19
19 52
19 8
20 32
20 21
21 12
21 30
21 48
21 35
21 31
21 4
22 23
22 8
23 26
24 25
25 0
26 8
26 27
27 8
27 28
28 8
28 55
29 3
29 34
30 21
30 31
31 12
32 33
32 21
33 21
34 3
34 11
35 36
36 21
36 4
37 38
37 10
38 50
39 9
39 10
40 41
40 10
41 46
42 24
43 16
44 3
44 42
45 16
46 47
47 10
47 56
48 16
49 37
50 10
50 39
51 21
51 35
52 8
52 22
53 49
53 10
54 8
55 54
55 8
56 10
56 53
57 16
58 44
58 30
58 6
58 40
